{
 "cells": [
  {
   "cell_type": "code",
   "execution_count": 1,
   "id": "310936a0",
   "metadata": {},
   "outputs": [
    {
     "name": "stdout",
     "output_type": "stream",
     "text": [
      "numba already installed\n",
      "numpy already installed\n",
      "matplotlib already installed\n",
      "tqdm already installed\n"
     ]
    }
   ],
   "source": [
    "# ── 0_install_deps.ipynb ──\n",
    "import importlib, subprocess, sys\n",
    "# List your packages (matplotlib covers matplotlib.pyplot)\n",
    "dependencies = [\"numba\", \"numpy\", \"matplotlib\", \"tqdm\"]\n",
    "\n",
    "for pkg in dependencies:\n",
    "    if importlib.util.find_spec(pkg) is None:\n",
    "        print(f\"Installing {pkg}…\")\n",
    "        subprocess.check_call([sys.executable, \"-m\", \"pip\", \"install\", pkg])\n",
    "    else:\n",
    "        # optional: uncomment next line to see which ones were already present\n",
    "        print(f\"{pkg} already installed\")\n",
    "        pass"
   ]
  },
  {
   "cell_type": "code",
   "execution_count": 2,
   "id": "3033e04c",
   "metadata": {},
   "outputs": [],
   "source": [
    "import numpy as np\n",
    "import os\n",
    "import utilities.update\n",
    "from utilities.simulation import Simulation, Simulation2\n",
    "import settings.settings_task2 as settings\n",
    "# import pandas as pd\n",
    "import matplotlib.pyplot as plt\n",
    "import logging\n",
    "from utilities import utils"
   ]
  },
  {
   "cell_type": "markdown",
   "id": "b14612f8",
   "metadata": {},
   "source": [
    "# Initializing the system"
   ]
  },
  {
   "cell_type": "code",
   "execution_count": 3,
   "id": "cedfd4f1",
   "metadata": {},
   "outputs": [
    {
     "name": "stdout",
     "output_type": "stream",
     "text": [
      "[INFO] Writing all files to output\\run_12/\n"
     ]
    }
   ],
   "source": [
    "# Set up output folder creation and logging\n",
    "output_dir = utils.create_output_directory()\n",
    "utils.setup_logging(output_dir)"
   ]
  },
  {
   "cell_type": "markdown",
   "id": "2a0c015d",
   "metadata": {},
   "source": [
    "# Testing"
   ]
  },
  {
   "cell_type": "code",
   "execution_count": 4,
   "id": "b607cabb",
   "metadata": {},
   "outputs": [
    {
     "name": "stdout",
     "output_type": "stream",
     "text": [
      "vx, vy, vz = (-0.8061725203413048, 0.526706914171604, -0.9562292613498478)\n"
     ]
    },
    {
     "name": "stderr",
     "output_type": "stream",
     "text": [
      "  0%|          | 0/200000 [00:00<?, ?it/s]13:58:26  [INFO]  (0.9943089692967563, 381.8146442099544)\n",
      "13:58:26  [INFO]  (1.0074614527916097, 386.8651978719781)\n",
      "13:58:26  [INFO]  (1.0403179645422498, 399.4820983842239)\n",
      "13:58:26  [INFO]  (1.0177568895111098, 390.8186455722662)\n",
      "13:58:26  [INFO]  (1.0101575136829897, 387.900485254268)\n",
      "13:58:26  [INFO]  (0.9981435500101918, 383.28712320391367)\n",
      "13:58:26  [INFO]  (1.0475573052635008, 402.26200522118427)\n",
      "13:58:26  [INFO]  (1.0348190447089363, 397.3705131682315)\n",
      "13:58:26  [INFO]  (1.0156096962010936, 389.99412334121996)\n",
      "13:58:26  [INFO]  (1.0232198837213675, 392.9164353490051)\n",
      "  0%|          | 271/200000 [00:00<01:17, 2589.12it/s]13:58:26  [INFO]  (0.9987803268881823, 383.531645525062)\n",
      "13:58:26  [INFO]  (0.9941249258990587, 381.74397154523854)\n",
      "13:58:26  [INFO]  (0.9937005969482534, 381.5810292281293)\n",
      "13:58:26  [INFO]  (0.9802695304272145, 376.4234996840504)\n",
      "13:58:26  [INFO]  (1.009639062827037, 387.7014001255822)\n",
      "13:58:26  [INFO]  (1.0016299520563638, 384.6259015896437)\n",
      "13:58:26  [INFO]  (1.0114527298415406, 388.3978482591516)\n",
      "13:58:26  [INFO]  (1.0272637023422828, 394.4692616994366)\n",
      "13:58:26  [INFO]  (1.0263429117319018, 394.11567810505034)\n",
      "13:58:26  [INFO]  (1.0186091184823123, 391.14590149720794)\n",
      "  0%|          | 571/200000 [00:00<01:12, 2746.95it/s]13:58:26  [INFO]  (1.0257764888755032, 393.89817172819323)\n",
      "13:58:26  [INFO]  (1.0303253070932565, 395.6449179238105)\n",
      "13:58:26  [INFO]  (1.0225922927945474, 392.67544043310625)\n",
      "13:58:26  [INFO]  (1.012011060285085, 388.61224714947264)\n",
      "13:58:26  [INFO]  (1.0293951556786625, 395.2877397806064)\n",
      "13:58:27  [INFO]  (1.0086648552440767, 387.3273044137254)\n",
      "13:58:27  [INFO]  (1.0210305740752303, 392.0757404448884)\n",
      "13:58:27  [INFO]  (1.0525437531187316, 404.1768011975929)\n",
      "13:58:27  [INFO]  (1.051623983951073, 403.8236098372121)\n",
      "  0%|          | 846/200000 [00:00<01:16, 2604.22it/s]13:58:27  [INFO]  (1.0512652367179804, 403.6858508997045)\n",
      "13:58:27  [INFO]  (1.0364794693401531, 398.00811622661877)\n",
      "13:58:27  [INFO]  (1.04025814398143, 399.4591272888691)\n",
      "13:58:27  [INFO]  (1.01666986840728, 390.4012294683955)\n",
      "13:58:27  [INFO]  (1.0092243845480693, 387.54216366645863)\n",
      "13:58:27  [INFO]  (1.017351633075372, 390.6630271009428)\n",
      "13:58:27  [INFO]  (1.0425822067873316, 400.35156740633533)\n",
      "13:58:27  [INFO]  (1.0642476465503188, 408.6710962753224)\n",
      "13:58:27  [INFO]  (1.041411639321728, 399.9020694995436)\n",
      "13:58:27  [INFO]  (1.0309135180614881, 395.8707909356114)\n",
      "  1%|          | 1141/200000 [00:00<01:14, 2674.76it/s]13:58:27  [INFO]  (1.01320122153607, 389.06926906985086)\n",
      "13:58:27  [INFO]  (1.029971354458488, 395.5090001120594)\n",
      "13:58:27  [INFO]  (0.9978956040374213, 383.1919119503698)\n",
      "13:58:27  [INFO]  (0.9768074511711445, 375.0940612497195)\n",
      "13:58:27  [INFO]  (0.95794486546431, 367.85082833829506)\n",
      "13:58:27  [INFO]  (0.9463547573223702, 363.40022681179016)\n",
      "13:58:27  [INFO]  (0.9729248963718438, 373.603160206788)\n",
      "13:58:27  [INFO]  (0.9636255117579444, 370.03219651505066)\n",
      "13:58:27  [INFO]  (0.9595049476579636, 368.449899900658)\n",
      "  1%|          | 1436/200000 [00:00<01:11, 2761.68it/s]13:58:27  [INFO]  (0.9866514725148283, 378.8741654456941)\n",
      "13:58:27  [INFO]  (0.9973008850698261, 382.9635398668132)\n",
      "13:58:27  [INFO]  (1.0078436031986049, 387.01194362826425)\n",
      "13:58:27  [INFO]  (0.9765590945163144, 374.99869229426474)\n",
      "13:58:27  [INFO]  (0.9785124547629499, 375.7487826289728)\n",
      "13:58:27  [INFO]  (0.9856715164682526, 378.497862323809)\n",
      "13:58:27  [INFO]  (0.970664831134787, 372.7352951557582)\n",
      "13:58:27  [INFO]  (0.9585819373781317, 368.09546395320257)\n",
      "13:58:27  [INFO]  (0.9548053495506751, 366.64525422745925)\n",
      "13:58:27  [INFO]  (0.9484985532078375, 364.2234444318096)\n",
      "  1%|          | 1713/200000 [00:00<01:19, 2496.10it/s]13:58:27  [INFO]  (0.9321868844769495, 357.9597636391486)\n",
      "13:58:27  [INFO]  (0.9299068056125468, 357.08421335521797)\n",
      "13:58:27  [INFO]  (0.9438417243994842, 362.4352221694019)\n",
      "13:58:27  [INFO]  (0.9577676353847485, 367.78277198774344)\n",
      "13:58:27  [INFO]  (0.9618114639483443, 369.3356021561642)\n",
      "13:58:27  [INFO]  (0.9293042474087613, 356.85283100496434)\n",
      "13:58:27  [INFO]  (0.9384454749812647, 360.36306239280566)\n",
      "13:58:27  [INFO]  (0.9327416428589812, 358.1727908578488)\n",
      "  1%|          | 1967/200000 [00:00<01:22, 2387.88it/s]13:58:27  [INFO]  (0.9399516537408181, 360.94143503647416)\n",
      "13:58:27  [INFO]  (0.9234269956882576, 354.5959663442909)\n",
      "13:58:27  [INFO]  (0.9255996586252938, 355.4302689121128)\n",
      "13:58:27  [INFO]  (0.9036651245196993, 347.00740781556453)\n",
      "13:58:27  [INFO]  (0.9229606239688876, 354.41687960405284)\n",
      "13:58:27  [INFO]  (0.9236978540230552, 354.6999759448532)\n",
      "13:58:27  [INFO]  (0.9275151822840932, 356.1658299970918)\n",
      "13:58:27  [INFO]  (0.9372572631453103, 359.9067890477992)\n",
      "13:58:27  [INFO]  (0.9177864483805317, 352.42999617812416)\n",
      "13:58:27  [INFO]  (0.9020859485301637, 346.40100423558283)\n",
      "13:58:27  [INFO]  (0.8933574042705641, 343.0492432398966)\n",
      "  1%|          | 2281/200000 [00:00<01:16, 2592.35it/s]13:58:27  [INFO]  (0.9015143378763799, 346.1815057445299)\n",
      "13:58:27  [INFO]  (0.8821610569488293, 338.74984586835046)\n",
      "13:58:27  [INFO]  (0.8709284464159232, 334.4365234237145)\n",
      "13:58:27  [INFO]  (0.8691199165351716, 333.7420479495059)\n",
      "13:58:27  [INFO]  (0.8890839352341509, 341.40823112991393)\n",
      "13:58:27  [INFO]  (0.8508417446101246, 326.72322993028786)\n",
      "13:58:27  [INFO]  (0.8616560881257441, 330.87593784028576)\n",
      "13:58:27  [INFO]  (0.875994416357995, 336.3818558814701)\n",
      "13:58:27  [INFO]  (0.8778951066715543, 337.11172096187687)\n",
      "13:58:27  [INFO]  (0.8677973135959337, 333.23416842083856)\n",
      "13:58:27  [INFO]  (0.8845981379565923, 339.6856849753314)\n",
      "  1%|▏         | 2611/200000 [00:00<01:12, 2734.33it/s]13:58:27  [INFO]  (0.9035248515685527, 346.95354300232424)\n",
      "13:58:27  [INFO]  (0.9458120104932309, 363.1918120294007)\n",
      "13:58:27  [INFO]  (0.955428391463875, 366.884502322128)\n",
      "13:58:27  [INFO]  (0.968639882319505, 371.95771481068994)\n",
      "13:58:27  [INFO]  (0.9654090756210197, 370.71708503847157)\n",
      "13:58:27  [INFO]  (0.9911588512929818, 380.604998896505)\n",
      "13:58:27  [INFO]  (1.0045622536761885, 385.75190541165637)\n",
      "13:58:27  [INFO]  (0.9857214671337561, 378.51704337936235)\n",
      "13:58:27  [INFO]  (0.9547020607666159, 366.6055913343805)\n",
      "  1%|▏         | 2891/200000 [00:01<01:11, 2745.45it/s]13:58:27  [INFO]  (0.9505140723948609, 364.99740379962657)\n",
      "13:58:27  [INFO]  (0.9465847228323218, 363.48853356761157)\n",
      "13:58:27  [INFO]  (0.953335844290439, 366.0809642075286)\n",
      "13:58:27  [INFO]  (0.9888694407515602, 379.7258652485991)\n",
      "13:58:27  [INFO]  (0.9862367783278642, 378.7149228778998)\n",
      "13:58:27  [INFO]  (1.0110600474921563, 388.247058236988)\n",
      "13:58:27  [INFO]  (0.9877836786807935, 379.3089326134247)\n",
      "13:58:27  [INFO]  (0.9806871595119501, 376.58386925258884)\n",
      "13:58:27  [INFO]  (0.9595294926928156, 368.4593251940412)\n",
      "13:58:27  [INFO]  (0.9375231332065909, 360.0088831513309)\n",
      "  2%|▏         | 3201/200000 [00:01<01:09, 2840.96it/s]13:58:27  [INFO]  (0.9648334320744558, 370.49603791659104)\n",
      "13:58:27  [INFO]  (0.9696909592448598, 372.36132835002616)\n",
      "13:58:27  [INFO]  (0.9829855364818559, 377.46644600903267)\n",
      "13:58:27  [INFO]  (0.9752092966054072, 374.48036989647636)\n",
      "13:58:27  [INFO]  (1.004880373425876, 385.8740633955364)\n",
      "13:58:27  [INFO]  (1.024673955563425, 393.4747989363552)\n",
      "13:58:27  [INFO]  (1.0254436515992997, 393.77036221413107)\n",
      "13:58:27  [INFO]  (1.020661395173658, 391.93397574668467)\n",
      "13:58:28  [INFO]  (1.0433850785532923, 400.6598701644642)\n",
      "13:58:28  [INFO]  (1.0344688770638006, 397.23604879249945)\n",
      "  2%|▏         | 3487/200000 [00:01<01:09, 2823.21it/s]13:58:28  [INFO]  (1.0437778473334949, 400.81069337606203)\n",
      "13:58:28  [INFO]  (1.0100735247045602, 387.86823348655116)\n",
      "13:58:28  [INFO]  (1.0440220258241375, 400.9044579164688)\n",
      "13:58:28  [INFO]  (1.0647961179204333, 408.8817092814464)\n",
      "13:58:28  [INFO]  (1.0946564064329405, 420.3480600702492)\n",
      "13:58:28  [INFO]  (1.0701200545960152, 410.9261009648699)\n",
      "13:58:28  [INFO]  (1.0986339709794297, 421.875444856101)\n",
      "13:58:28  [INFO]  (1.1155437609486005, 428.3688042042626)\n",
      "13:58:28  [INFO]  (1.0973433088228575, 421.37983058797727)\n",
      "  2%|▏         | 3771/200000 [00:01<01:10, 2776.17it/s]13:58:28  [INFO]  (1.097254405948736, 421.3456918843146)\n",
      "13:58:28  [INFO]  (1.0963286396916367, 420.9901976415885)\n",
      "13:58:28  [INFO]  (1.0678186138271062, 410.04234770960875)\n",
      "13:58:28  [INFO]  (1.0547206920543333, 405.01274574886395)\n",
      "13:58:28  [INFO]  (1.0376476486747324, 398.4566970910972)\n",
      "13:58:28  [INFO]  (1.038136124833245, 398.6442719359661)\n",
      "13:58:28  [INFO]  (1.0441908061302765, 400.96926955402614)\n",
      "13:58:28  [INFO]  (1.0516426786739042, 403.8307886107792)\n",
      "13:58:28  [INFO]  (1.032006863785828, 396.29063569375796)\n",
      "  2%|▏         | 4050/200000 [00:01<01:27, 2238.30it/s]13:58:28  [INFO]  (1.0188345267197934, 391.2324582604007)\n",
      "13:58:28  [INFO]  (1.028805848725234, 395.06144591048985)\n",
      "13:58:28  [INFO]  (1.0190152903371665, 391.301871489472)\n",
      "13:58:28  [INFO]  (1.0377768701081551, 398.50631812153154)\n",
      "13:58:28  [INFO]  (1.0203793165889146, 391.8256575701432)\n",
      "13:58:28  [INFO]  (0.9943348163859388, 381.8245694922005)\n",
      "13:58:28  [INFO]  (1.001214590219521, 384.46640264429607)\n",
      "13:58:28  [INFO]  (0.9933475952761367, 381.4454765860365)\n",
      "13:58:28  [INFO]  (1.0200407002076473, 391.69562887973655)\n",
      "  2%|▏         | 4291/200000 [00:01<01:26, 2269.64it/s]13:58:28  [INFO]  (1.0357384159759626, 397.72355173476967)\n",
      "13:58:28  [INFO]  (1.0408650985836372, 399.69219785611665)\n",
      "13:58:28  [INFO]  (0.9912279959313418, 380.63155043763527)\n",
      "13:58:28  [INFO]  (0.9696649112074448, 372.3513259036588)\n",
      "13:58:28  [INFO]  (0.9922971798921137, 381.04211707857166)\n",
      "13:58:28  [INFO]  (1.016390035263883, 390.2937735413311)\n",
      "13:58:28  [INFO]  (1.025122628606252, 393.6470893848008)\n",
      "13:58:28  [INFO]  (1.038098098813956, 398.62966994455917)\n",
      "13:58:28  [INFO]  (1.038259178331505, 398.69152447929787)\n",
      "  2%|▏         | 4561/200000 [00:01<01:25, 2290.79it/s]13:58:28  [INFO]  (1.017695959375924, 390.7952484003548)\n",
      "13:58:28  [INFO]  (1.0404692943114517, 399.54020901559744)\n",
      "13:58:28  [INFO]  (1.052496990467559, 404.15884433954267)\n",
      "13:58:28  [INFO]  (1.057234178834678, 405.97792467251634)\n",
      "13:58:28  [INFO]  (1.0867091180586874, 417.296301334536)\n",
      "13:58:28  [INFO]  (1.064880159215695, 408.91398113882684)\n",
      "13:58:28  [INFO]  (1.0765828358130205, 413.40780895219984)\n",
      "13:58:28  [INFO]  (1.0694347393840644, 410.66293992348074)\n",
      "13:58:28  [INFO]  (1.0846539283227237, 416.50710847592586)\n",
      "13:58:28  [INFO]  (1.0885138251092015, 417.9893088419334)\n",
      "  2%|▏         | 4861/200000 [00:01<01:19, 2468.47it/s]13:58:28  [INFO]  (1.078985005752404, 414.33024220892315)\n",
      "13:58:28  [INFO]  (1.1081947853863914, 425.54679758837426)\n",
      "13:58:28  [INFO]  (1.111463539952709, 426.80199934184026)\n",
      "13:58:28  [INFO]  (1.1235088777417293, 431.42740905282403)\n",
      "13:58:28  [INFO]  (1.1128434691844518, 427.3318921668295)\n",
      "13:58:28  [INFO]  (1.1103643605960485, 426.3799144688826)\n",
      "13:58:28  [INFO]  (1.0926875819916055, 419.59203148477656)\n",
      "13:58:28  [INFO]  (1.0947958618640592, 420.40161095579873)\n",
      "13:58:28  [INFO]  (1.0944451475496813, 420.2669366590776)\n",
      "13:58:28  [INFO]  (1.100234556542263, 422.490069712229)\n",
      "  3%|▎         | 5161/200000 [00:02<01:15, 2574.72it/s]13:58:28  [INFO]  (1.0752515255775907, 412.8965858217948)\n",
      "13:58:28  [INFO]  (1.0723894108399428, 411.797533762538)\n",
      "13:58:28  [INFO]  (1.0700193105496962, 410.8874152510833)\n",
      "13:58:28  [INFO]  (1.0650927785403368, 408.9956269594893)\n",
      "13:58:28  [INFO]  (1.069613691465958, 410.7316575229279)\n",
      "13:58:28  [INFO]  (1.0781588337065575, 414.0129921433181)\n",
      "13:58:28  [INFO]  (1.0409875645135862, 399.7392247732171)\n",
      "13:58:28  [INFO]  (1.0267226593860506, 394.2615012042434)\n",
      "13:58:28  [INFO]  (1.0267724354208327, 394.28061520159974)\n",
      "  3%|▎         | 5431/200000 [00:02<01:14, 2604.27it/s]13:58:28  [INFO]  (1.0130636782117821, 389.01645243332433)\n",
      "13:58:28  [INFO]  (0.9863133941557355, 378.7443433558024)\n",
      "13:58:28  [INFO]  (0.9787200867668234, 375.8285133184602)\n",
      "13:58:28  [INFO]  (1.0087867292911226, 387.3741040477911)\n",
      "13:58:28  [INFO]  (1.0159463065603418, 390.1233817191712)\n",
      "13:58:28  [INFO]  (1.0091729234202413, 387.5224025933727)\n",
      "13:58:28  [INFO]  (1.0186095164379203, 391.14605431216137)\n",
      "13:58:28  [INFO]  (1.0167009416016892, 390.41316157504866)\n",
      "13:58:28  [INFO]  (1.0038166812890352, 385.4656056149895)\n",
      "  3%|▎         | 5701/200000 [00:02<01:15, 2588.29it/s]13:58:28  [INFO]  (0.9985205485689451, 383.43189065047494)\n",
      "13:58:28  [INFO]  (0.9937315762087732, 381.5929252641689)\n",
      "13:58:28  [INFO]  (0.9673116044725868, 371.44765611747334)\n",
      "13:58:28  [INFO]  (0.9871929726305284, 379.0821014901229)\n",
      "13:58:28  [INFO]  (0.9945883689466489, 381.9219336755132)\n",
      "13:58:29  [INFO]  (0.992246357487072, 381.02260127503564)\n",
      "13:58:29  [INFO]  (1.0105093877758398, 388.03560490592247)\n",
      "13:58:29  [INFO]  (1.0391372560811776, 399.02870633517216)\n",
      "13:58:29  [INFO]  (1.0273530674498748, 394.5035779007519)\n",
      "13:58:29  [INFO]  (1.0339401152535077, 397.033004257347)\n",
      "  3%|▎         | 6001/200000 [00:02<01:14, 2591.12it/s]13:58:29  [INFO]  (1.039566426286514, 399.19350769402143)\n",
      "13:58:29  [INFO]  (1.0308654320617157, 395.8523259116988)\n",
      "13:58:29  [INFO]  (1.0219946882743314, 392.4459602973433)\n",
      "13:58:29  [INFO]  (1.0442620754483791, 400.9966369721776)\n",
      "13:58:29  [INFO]  (1.0212120362644879, 392.14542192556337)\n",
      "13:58:29  [INFO]  (1.010627262457354, 388.08086878362394)\n",
      "13:58:29  [INFO]  (1.032569379287295, 396.50664164632127)\n",
      "13:58:29  [INFO]  (1.0333554766780881, 396.8085030443859)\n",
      "13:58:29  [INFO]  (1.0509087426698978, 403.54895718524074)\n",
      "13:58:29  [INFO]  (1.0268169632586195, 394.29771389130985)\n",
      "  3%|▎         | 6301/200000 [00:02<01:11, 2705.79it/s]13:58:29  [INFO]  (1.027172909341102, 394.4343971869831)\n",
      "13:58:29  [INFO]  (1.0427203203040414, 400.40460299675186)\n",
      "13:58:29  [INFO]  (1.0676140607671971, 409.96379933460366)\n",
      "13:58:29  [INFO]  (1.0546740728484907, 404.9948439738204)\n",
      "13:58:29  [INFO]  (1.0409965295107868, 399.7426673321421)\n",
      "13:58:29  [INFO]  (1.0347776509695716, 397.3546179723155)\n",
      "13:58:29  [INFO]  (1.0407526210835767, 399.6490064960935)\n",
      "13:58:29  [INFO]  (1.0513871459733621, 403.7326640537711)\n",
      "13:58:29  [INFO]  (1.0360746656778224, 397.8526716202838)\n",
      "  3%|▎         | 6596/200000 [00:02<01:09, 2773.21it/s]13:58:29  [INFO]  (1.032314633365275, 396.4088192122656)\n",
      "13:58:29  [INFO]  (1.035100658174641, 397.4786527390621)\n",
      "13:58:29  [INFO]  (1.0155799781072536, 389.9827115931854)\n",
      "13:58:29  [INFO]  (1.0032120311491306, 385.2334199612661)\n",
      "13:58:29  [INFO]  (1.0190704120904532, 391.323038242734)\n",
      "13:58:29  [INFO]  (1.035659708456164, 397.693328047167)\n",
      "13:58:29  [INFO]  (1.061984744686246, 407.8021419595185)\n",
      "13:58:29  [INFO]  (1.0416104417893666, 399.9784096471168)\n",
      "13:58:29  [INFO]  (1.0007837402496915, 384.30095625588154)\n",
      "13:58:29  [INFO]  (1.0123582353226936, 388.74556236391436)\n",
      "  3%|▎         | 6876/200000 [00:02<01:10, 2728.42it/s]13:58:29  [INFO]  (1.0285764025259088, 394.97333856994896)\n",
      "13:58:29  [INFO]  (1.0196804528473875, 391.55729389339683)\n",
      "13:58:29  [INFO]  (1.035839127653696, 397.7622250190193)\n",
      "13:58:29  [INFO]  (1.0626082980209899, 408.0415864400601)\n",
      "13:58:29  [INFO]  (1.0420084194875656, 400.1312330832252)\n",
      "13:58:29  [INFO]  (1.0382462780730066, 398.6865707800345)\n",
      "13:58:29  [INFO]  (1.0352019102206296, 397.5175335247217)\n",
      "13:58:29  [INFO]  (1.069560412488946, 410.7111983957553)\n",
      "13:58:29  [INFO]  (1.0936185855756513, 419.9495368610501)\n",
      "13:58:29  [INFO]  (1.0914809461132573, 419.1286833074908)\n",
      "13:58:29  [INFO]  (1.0587939813173997, 406.5768888258815)\n",
      "  4%|▎         | 7201/200000 [00:02<01:08, 2813.70it/s]13:58:29  [INFO]  (1.0511356601783424, 403.63609350848344)\n",
      "13:58:29  [INFO]  (1.0396822028820747, 399.2379659067167)\n",
      "13:58:29  [INFO]  (1.0589900913793784, 406.6521950896813)\n",
      "13:58:29  [INFO]  (1.0520010159962025, 403.9683901425418)\n",
      "13:58:29  [INFO]  (1.0526381634405426, 404.21305476116834)\n",
      "13:58:29  [INFO]  (1.0631133479701622, 408.23552562054226)\n",
      "13:58:29  [INFO]  (1.0641978158825254, 408.6519612988898)\n",
      "13:58:29  [INFO]  (1.0222576749325019, 392.54694717408074)\n",
      "13:58:29  [INFO]  (1.015095172049471, 389.7965460669968)\n",
      "13:58:29  [INFO]  (1.01310367742909, 389.03181213277054)\n",
      "13:58:29  [INFO]  (1.025709606300681, 393.87248881946147)\n",
      "  4%|▍         | 7531/200000 [00:02<01:05, 2931.09it/s]13:58:29  [INFO]  (1.019223391561406, 391.3817823595799)\n",
      "13:58:29  [INFO]  (1.0040352885753487, 385.54955081293394)\n",
      "13:58:29  [INFO]  (0.9843530179667311, 377.99155889922474)\n",
      "13:58:29  [INFO]  (0.9806474623813131, 376.5686255544242)\n",
      "13:58:29  [INFO]  (0.9874999230209932, 379.1999704400614)\n",
      "13:58:29  [INFO]  (0.9739827144969316, 374.00936236682173)\n",
      "13:58:29  [INFO]  (0.9803392682167266, 376.450278995223)\n",
      "13:58:29  [INFO]  (0.9966541055862601, 382.7151765451239)\n",
      "13:58:29  [INFO]  (1.013529820827533, 389.1954511977727)\n",
      "13:58:29  [INFO]  (1.023875096354266, 393.16803700003817)\n",
      "13:58:29  [INFO]  (1.0157374476145833, 390.043179884)\n",
      "  4%|▍         | 7861/200000 [00:02<01:04, 2971.92it/s]13:58:29  [INFO]  (1.023400021147429, 392.9856081206127)\n",
      "13:58:29  [INFO]  (1.0411960046126314, 399.81926577125046)\n",
      "13:58:29  [INFO]  (1.0309699876976453, 395.8924752758958)\n",
      "13:58:29  [INFO]  (1.015057000439178, 389.7818881686443)\n",
      "13:58:29  [INFO]  (1.0244992071782795, 393.4076955564593)\n",
      "13:58:29  [INFO]  (1.0196998052653437, 391.564725221892)\n",
      "13:58:29  [INFO]  (1.000442720484533, 384.17000466606066)\n",
      "13:58:29  [INFO]  (0.9989693814236805, 383.60424246669334)\n",
      "13:58:29  [INFO]  (0.9891655309694091, 379.83956389225307)\n",
      "13:58:29  [INFO]  (0.9660371796739776, 370.9582769948074)\n",
      "  4%|▍         | 8161/200000 [00:03<01:04, 2965.14it/s]13:58:29  [INFO]  (0.9747043077473364, 374.28645417497717)\n",
      "13:58:29  [INFO]  (0.9855258475343005, 378.4419254531714)\n",
      "13:58:29  [INFO]  (0.9841748644309849, 377.9231479414982)\n",
      "13:58:29  [INFO]  (0.9895770370668773, 379.9975822336809)\n",
      "13:58:29  [INFO]  (0.9758357421352954, 374.72092497995345)\n",
      "13:58:29  [INFO]  (0.9954716275727984, 382.2611049879546)\n",
      "13:58:29  [INFO]  (0.9940868996711228, 381.7293694737112)\n",
      "13:58:29  [INFO]  (0.9906693308798555, 380.4170230578645)\n",
      "13:58:29  [INFO]  (0.9941946689255716, 381.7707528674195)\n",
      "  4%|▍         | 8458/200000 [00:03<01:09, 2767.20it/s]13:58:29  [INFO]  (0.9978375440008388, 383.1696168963221)\n",
      "13:58:29  [INFO]  (1.0081576870209867, 387.13255181605894)\n",
      "13:58:29  [INFO]  (1.0297707022921407, 395.431949680182)\n",
      "13:58:29  [INFO]  (1.0291729053192045, 395.2023956425745)\n",
      "13:58:29  [INFO]  (1.004642576583582, 385.7827494080955)\n",
      "13:58:29  [INFO]  (1.0195943035761432, 391.52421257323897)\n",
      "13:58:29  [INFO]  (1.01149596306006, 388.414449815063)\n",
      "13:58:29  [INFO]  (0.9977885622632732, 383.1508079090969)\n",
      "13:58:29  [INFO]  (0.9981144706730406, 383.2759567384476)\n",
      "13:58:29  [INFO]  (0.9719967162653239, 373.2467390458844)\n",
      "13:58:30  [INFO]  (0.9688321377433023, 372.0315408934281)\n",
      "  4%|▍         | 8761/200000 [00:03<01:08, 2804.85it/s]13:58:30  [INFO]  (0.9504159522778927, 364.9597256747108)\n",
      "13:58:30  [INFO]  (0.9589285162340792, 368.2285502338864)\n",
      "13:58:30  [INFO]  (0.9672136071938177, 371.410025162426)\n",
      "13:58:30  [INFO]  (0.9682591131539491, 371.81149945111645)\n",
      "13:58:30  [INFO]  (0.9501294392036238, 364.84970465419156)\n",
      "13:58:30  [INFO]  (0.9516505055373429, 365.43379412633965)\n",
      "13:58:30  [INFO]  (0.9619204244831808, 369.37744300154145)\n",
      "13:58:30  [INFO]  (0.9539705660971675, 366.3246973813123)\n",
      "13:58:30  [INFO]  (0.9463356468667229, 363.3928883968216)\n",
      "13:58:30  [INFO]  (0.9589116219188633, 368.2220628168435)\n",
      "  5%|▍         | 9061/200000 [00:03<01:07, 2844.40it/s]13:58:30  [INFO]  (0.9764003328846762, 374.93772782771566)\n",
      "13:58:30  [INFO]  (0.9805217918125239, 376.52036805600915)\n",
      "13:58:30  [INFO]  (0.9900827737466225, 380.191785118703)\n",
      "13:58:30  [INFO]  (1.0284898451157076, 394.9401005244317)\n",
      "13:58:30  [INFO]  (1.0534991726120628, 404.5436822830321)\n",
      "13:58:30  [INFO]  (1.0514747137664366, 403.76629008631164)\n",
      "13:58:30  [INFO]  (1.0377075531343605, 398.4797004035944)\n",
      "13:58:30  [INFO]  (1.0132251860505193, 389.0784714433994)\n",
      "13:58:30  [INFO]  (1.034965997122997, 397.42694289523087)\n",
      "  5%|▍         | 9347/200000 [00:03<01:07, 2815.29it/s]13:58:30  [INFO]  (1.0281442543119776, 394.80739365579944)\n",
      "13:58:30  [INFO]  (1.031011721605035, 395.90850109633345)\n",
      "13:58:30  [INFO]  (1.006675185813249, 386.56327135228764)\n",
      "13:58:30  [INFO]  (0.9981096762540606, 383.27411568155924)\n",
      "13:58:30  [INFO]  (0.9826456633076117, 377.3359347101229)\n",
      "13:58:30  [INFO]  (0.9806616290792803, 376.57406556644366)\n",
      "13:58:30  [INFO]  (0.9875445655877986, 379.21711318571465)\n",
      "13:58:30  [INFO]  (0.9854102765978993, 378.39754621359333)\n",
      "13:58:30  [INFO]  (0.9843759811388005, 378.0003767572994)\n",
      "  5%|▍         | 9630/200000 [00:03<01:08, 2771.79it/s]13:58:30  [INFO]  (1.0081402310850305, 387.1258487366517)\n",
      "13:58:30  [INFO]  (1.0131631944455386, 389.0546666670868)\n",
      "13:58:30  [INFO]  (1.010289150514561, 387.95103379759144)\n",
      "13:58:30  [INFO]  (1.0075232482434089, 386.888927325469)\n",
      "13:58:30  [INFO]  (1.0369535844058035, 398.1901764118286)\n",
      "13:58:30  [INFO]  (1.0271292772378482, 394.4176424593337)\n",
      "13:58:30  [INFO]  (1.0332643011672247, 396.77349164821425)\n",
      "13:58:30  [INFO]  (1.0187016624532215, 391.181438382037)\n",
      "13:58:30  [INFO]  (1.0357856128161709, 397.7416753214096)\n",
      "13:58:30  [INFO]  (1.0312763476369498, 396.01011749258873)\n",
      "  5%|▍         | 9908/200000 [00:03<01:21, 2340.90it/s]13:58:30  [INFO]  (1.0520354399112477, 403.98160892591915)\n",
      "13:58:30  [INFO]  (1.0295480685705793, 395.34645833110244)\n",
      "13:58:30  [INFO]  (1.0337818878902987, 396.9722449498747)\n",
      "13:58:30  [INFO]  (1.025084116673028, 393.6323008024427)\n",
      "13:58:30  [INFO]  (1.014879030811545, 389.71354783163326)\n",
      "13:58:30  [INFO]  (1.0223653787607365, 392.58830544412285)\n",
      "13:58:30  [INFO]  (1.0516828063801877, 403.84619764999206)\n",
      "13:58:30  [INFO]  (1.0408695914022312, 399.6939230984568)\n",
      "  5%|▌         | 10154/200000 [00:03<01:30, 2104.81it/s]13:58:30  [INFO]  (1.058817203620874, 406.5858061904156)\n",
      "13:58:30  [INFO]  (1.0466789087851238, 401.9247009734876)\n",
      "13:58:30  [INFO]  (1.0445511492625579, 401.1076413168222)\n",
      "13:58:30  [INFO]  (1.040124143906261, 399.40767126000424)\n",
      "13:58:30  [INFO]  (1.0149675454169858, 389.7475374401225)\n",
      "13:58:30  [INFO]  (1.0224461851393023, 392.61933509349205)\n",
      "13:58:30  [INFO]  (1.0266925734411483, 394.2499482014009)\n",
      "  5%|▌         | 10376/200000 [00:04<01:42, 1842.06it/s]13:58:30  [INFO]  (1.0279959704306405, 394.75045264536595)\n",
      "13:58:30  [INFO]  (0.9938308682787506, 381.6310534190402)\n",
      "13:58:30  [INFO]  (0.9998729988461527, 383.9512315569226)\n",
      "13:58:30  [INFO]  (1.0407688338903878, 399.6552322139089)\n",
      "13:58:30  [INFO]  (1.0513200703471792, 403.7069070133168)\n",
      "13:58:30  [INFO]  (1.0446440331342142, 401.14330872353827)\n",
      "13:58:30  [INFO]  (1.0430942313594083, 400.5481848420128)\n",
      "  5%|▌         | 10572/200000 [00:04<01:53, 1674.49it/s]13:58:30  [INFO]  (1.0469603166276096, 402.03276158500205)\n",
      "13:58:30  [INFO]  (1.0637506145549813, 408.4802359891128)\n",
      "13:58:30  [INFO]  (1.065869198186767, 409.29377210371854)\n",
      "13:58:31  [INFO]  (1.0382959837588268, 398.70565776338947)\n",
      "13:58:31  [INFO]  (1.0297990889918633, 395.4428501728755)\n",
      "13:58:31  [INFO]  (1.0621765378945272, 407.8757905514984)\n",
      "  5%|▌         | 10748/200000 [00:04<01:52, 1678.12it/s]13:58:31  [INFO]  (1.0889294876038793, 418.14892323988965)\n",
      "13:58:31  [INFO]  (1.0817814808405704, 415.404088642779)\n",
      "13:58:31  [INFO]  (1.0850458598788164, 416.65761019346553)\n",
      "13:58:31  [INFO]  (1.094796569587497, 420.4018827215989)\n",
      "13:58:31  [INFO]  (1.0941195494658074, 420.14190699487)\n",
      "13:58:31  [INFO]  (1.0644710414949932, 408.75687993407735)\n",
      "  5%|▌         | 10922/200000 [00:04<01:53, 1662.10it/s]13:58:31  [INFO]  (1.0507780898012413, 403.49878648367667)\n",
      "13:58:31  [INFO]  (1.062865838805793, 408.1404821014245)\n",
      "13:58:31  [INFO]  (1.0594879526947143, 406.8433738347703)\n",
      "13:58:31  [INFO]  (1.0428755782287265, 400.46422203983093)\n",
      "13:58:31  [INFO]  (1.024667196667629, 393.4722035203696)\n",
      "  6%|▌         | 11093/200000 [00:04<01:54, 1650.75it/s]13:58:31  [INFO]  (1.0537903267633288, 404.6554854771183)\n",
      "13:58:31  [INFO]  (1.045055364085783, 401.30125980894064)\n",
      "13:58:31  [INFO]  (1.0319955716070588, 396.2862994971106)\n",
      "13:58:31  [INFO]  (1.031776473694271, 396.2021658986)\n",
      "13:58:31  [INFO]  (1.001712063961828, 384.657432561342)\n",
      "13:58:31  [INFO]  (1.0292515649204355, 395.2326009294472)\n",
      "  6%|▌         | 11261/200000 [00:04<01:58, 1592.38it/s]13:58:31  [INFO]  (1.0326803301208631, 396.54924676641144)\n",
      "13:58:31  [INFO]  (1.0414850312225685, 399.93025198946634)\n",
      "13:58:31  [INFO]  (1.0518211612917783, 403.8993259360429)\n",
      "13:58:31  [INFO]  (1.0481797807781195, 402.5010358187979)\n",
      "13:58:31  [INFO]  (1.0408108992549134, 399.67138531388673)\n",
      "13:58:31  [INFO]  (1.0452433596446356, 401.37345010354005)\n",
      "  6%|▌         | 11431/200000 [00:04<01:57, 1609.97it/s]13:58:31  [INFO]  (1.044800009830991, 401.2032037751006)\n",
      "13:58:31  [INFO]  (1.060213918739422, 407.122144795938)\n",
      "13:58:31  [INFO]  (1.0404177608326, 399.52042015971836)\n",
      "13:58:31  [INFO]  (1.0277126309278153, 394.6416502762811)\n",
      "13:58:31  [INFO]  (1.0226182624830293, 392.68541279348324)\n",
      "  6%|▌         | 11594/200000 [00:04<02:03, 1525.67it/s]13:58:31  [INFO]  (0.9975854172278837, 383.07280021550736)\n",
      "13:58:31  [INFO]  (1.0160251676921765, 390.1536643937958)\n",
      "13:58:31  [INFO]  (1.0286588074627556, 395.0049820656982)\n",
      "13:58:31  [INFO]  (1.0034429872147204, 385.3221070904526)\n",
      "13:58:31  [INFO]  (1.019715345978854, 391.57069285587994)\n",
      "  6%|▌         | 11748/200000 [00:05<02:11, 1430.23it/s]13:58:31  [INFO]  (1.0454066085689302, 401.4361376904692)\n",
      "13:58:31  [INFO]  (1.0720032999179239, 411.64926716848277)\n",
      "13:58:31  [INFO]  (1.079438381818276, 414.50433861821796)\n",
      "13:58:31  [INFO]  (1.0990380939552642, 422.03062807882145)\n",
      "13:58:31  [INFO]  (1.0863916001201464, 417.1743744461362)\n",
      "  6%|▌         | 11893/200000 [00:05<02:22, 1321.01it/s]13:58:31  [INFO]  (1.1116257107804175, 426.86427293968035)\n",
      "13:58:31  [INFO]  (1.0902563795212075, 418.65844973614367)\n",
      "13:58:31  [INFO]  (1.0995140176654357, 422.2133827835273)\n",
      "13:58:31  [INFO]  (1.1158886573156794, 428.50124440922093)\n",
      "  6%|▌         | 12027/200000 [00:05<02:29, 1260.30it/s]13:58:31  [INFO]  (1.1230446831983958, 431.249158348184)\n",
      "13:58:32  [INFO]  (1.1016418518674895, 423.030471117116)\n",
      "13:58:32  [INFO]  (1.116622314809784, 428.78296888695706)\n",
      "13:58:32  [INFO]  (1.10112856114724, 422.8333674805401)\n",
      "13:58:32  [INFO]  (1.0713028985377882, 411.3803130385106)\n",
      "13:58:32  [INFO]  (1.0857314688043171, 416.9208840208578)\n",
      "  6%|▌         | 12181/200000 [00:05<02:24, 1296.40it/s]13:58:32  [INFO]  (1.0968960392238527, 421.20807906195944)\n",
      "13:58:32  [INFO]  (1.0726447735633824, 411.8955930483388)\n",
      "13:58:32  [INFO]  (1.0533802542825794, 404.49801764451047)\n",
      "13:58:32  [INFO]  (1.0610498728130173, 407.4431511601987)\n",
      "13:58:32  [INFO]  (1.0302323101995867, 395.6092071166413)\n",
      "  6%|▌         | 12331/200000 [00:05<02:23, 1307.62it/s]13:58:32  [INFO]  (1.0348426476432382, 397.3795766950035)\n",
      "13:58:32  [INFO]  (1.0224799865450065, 392.63231483328246)\n",
      "13:58:32  [INFO]  (1.0340885704884852, 397.09001106757836)\n",
      "13:58:32  [INFO]  (1.0514100930385049, 403.7414757267859)\n",
      "13:58:32  [INFO]  (1.0481519338580352, 402.4903426014855)\n",
      "  6%|▌         | 12481/200000 [00:05<02:18, 1353.59it/s]13:58:32  [INFO]  (1.0147742106644115, 389.67329689513406)\n",
      "13:58:32  [INFO]  (0.9963049456409389, 382.58109912612053)\n",
      "13:58:32  [INFO]  (1.0409565609527849, 399.72731940586937)\n",
      "13:58:32  [INFO]  (1.069641033561591, 410.74215688765094)\n",
      "  6%|▋         | 12618/200000 [00:05<02:27, 1270.77it/s]13:58:32  [INFO]  (1.0508977540087232, 403.54473753934974)\n",
      "13:58:32  [INFO]  (1.0494948196157998, 403.00601073246713)\n",
      "13:58:32  [INFO]  (1.044127894203217, 400.9451113740353)\n",
      "13:58:32  [INFO]  (1.0312145734734444, 395.98639621380266)\n",
      "13:58:32  [INFO]  (1.0308940414779106, 395.86331192751766)\n",
      "13:58:32  [INFO]  (1.02281582894399, 392.76127831449213)\n",
      "13:58:32  [INFO]  (1.035858738852295, 397.7697557192813)\n",
      "  6%|▋         | 12811/200000 [00:05<02:14, 1389.32it/s]13:58:32  [INFO]  (1.0300384287068682, 395.53475662343743)\n",
      "13:58:32  [INFO]  (0.9921879245345302, 381.0001630212596)\n",
      "13:58:32  [INFO]  (1.004337157203298, 385.6654683660664)\n",
      "13:58:32  [INFO]  (1.0025211669476333, 384.9681281078912)\n",
      "13:58:32  [INFO]  (1.012127287465455, 388.6568783867347)\n",
      "  6%|▋         | 12961/200000 [00:05<02:19, 1340.77it/s]13:58:32  [INFO]  (1.016074927328188, 390.1727720940242)\n",
      "13:58:32  [INFO]  (1.0129673159262085, 388.97944931566406)\n",
      "13:58:32  [INFO]  (0.9952283400668257, 382.16768258566105)\n",
      "13:58:32  [INFO]  (0.9945901722386968, 381.9226261396596)\n",
      "  7%|▋         | 13096/200000 [00:06<02:25, 1282.03it/s]13:58:32  [INFO]  (0.9801622158937929, 376.3822909032165)\n",
      "13:58:32  [INFO]  (0.986988576011269, 379.0036131883273)\n",
      "13:58:32  [INFO]  (0.9884441883616729, 379.5625683308824)\n",
      "13:58:32  [INFO]  (0.9800225531150017, 376.32866039616067)\n",
      "  7%|▋         | 13225/200000 [00:06<02:29, 1247.50it/s]13:58:32  [INFO]  (0.9836510990758494, 377.72202204512615)\n",
      "13:58:32  [INFO]  (0.9571107218942162, 367.53051720737903)\n",
      "13:58:32  [INFO]  (0.973530431937388, 373.835685863957)\n",
      "13:58:32  [INFO]  (0.9330132602549281, 358.2770919378924)\n",
      "13:58:32  [INFO]  (0.9472220480959281, 363.7332664688364)\n",
      "13:58:32  [INFO]  (0.9482108610670007, 364.11297064972825)\n",
      "  7%|▋         | 13381/200000 [00:06<02:23, 1299.25it/s]13:58:33  [INFO]  (0.9562176668134326, 367.1875840563581)\n",
      "13:58:33  [INFO]  (0.9643557287058645, 370.312599823052)\n",
      "13:58:33  [INFO]  (0.9549401116988362, 366.6970028923531)\n",
      "13:58:33  [INFO]  (0.9342142302239275, 358.73826440598816)\n",
      "13:58:33  [INFO]  (0.9317035725791101, 357.77417187037827)\n",
      "13:58:33  [INFO]  (0.953488331815428, 366.13951941712435)\n",
      "  7%|▋         | 13561/200000 [00:06<02:17, 1359.69it/s]13:58:33  [INFO]  (0.9714186010016067, 373.024742784617)\n",
      "13:58:33  [INFO]  (1.0002942735930416, 384.113001059728)\n",
      "13:58:33  [INFO]  (0.9843835517212347, 378.0032838609541)\n",
      "13:58:33  [INFO]  (0.9836507982027932, 377.7219065098726)\n",
      "13:58:33  [INFO]  (0.9681427778175844, 371.7668266819524)\n",
      "13:58:33  [INFO]  (0.96319758421788, 369.86787233966595)\n",
      "13:58:33  [INFO]  (0.9552456221956941, 366.8143189231465)\n",
      "  7%|▋         | 13771/200000 [00:06<02:01, 1528.74it/s]13:58:33  [INFO]  (0.9611957623431814, 369.09917273978164)\n",
      "13:58:33  [INFO]  (0.952193155152239, 365.6421715784598)\n",
      "13:58:33  [INFO]  (0.9621509017686242, 369.4659462791517)\n",
      "13:58:33  [INFO]  (0.9730917490716834, 373.6672316435264)\n",
      "13:58:33  [INFO]  (0.9778477155323854, 375.49352276443597)\n",
      "13:58:33  [INFO]  (0.9661499637996296, 371.00158609905776)\n",
      "  7%|▋         | 13951/200000 [00:06<01:58, 1572.43it/s]13:58:33  [INFO]  (0.943878127138127, 362.4492008210408)\n",
      "13:58:33  [INFO]  (0.9905069919948604, 380.3546849260264)\n",
      "13:58:33  [INFO]  (0.9907090223050109, 380.43226456512417)\n",
      "13:58:33  [INFO]  (1.0033006249497285, 385.2674399806957)\n",
      "13:58:33  [INFO]  (0.9791406188620462, 375.98999764302573)\n",
      "  7%|▋         | 14110/200000 [00:06<02:05, 1476.00it/s]13:58:33  [INFO]  (0.9640855622345511, 370.2088558980676)\n",
      "13:58:33  [INFO]  (0.9384008622697868, 360.34593111159813)\n",
      "13:58:33  [INFO]  (0.961083882956206, 369.0562110551831)\n",
      "13:58:33  [INFO]  (0.9732622349861191, 373.7326982346697)\n",
      "13:58:33  [INFO]  (0.9859388670823993, 378.60052495964135)\n",
      "  7%|▋         | 14259/200000 [00:06<02:19, 1334.29it/s]13:58:33  [INFO]  (1.0083062422084195, 387.18959700803305)\n",
      "13:58:33  [INFO]  (1.0121656532301604, 388.6716108403816)\n",
      "13:58:33  [INFO]  (1.0079217121580626, 387.041937468696)\n",
      "13:58:33  [INFO]  (0.9926570190935559, 381.18029533192544)\n",
      "  7%|▋         | 14396/200000 [00:07<02:29, 1244.50it/s]13:58:33  [INFO]  (0.9952757054789387, 382.1858709039125)\n",
      "13:58:33  [INFO]  (0.971713284401674, 373.13790121024283)\n",
      "13:58:33  [INFO]  (0.9595121737840729, 368.452674733084)\n",
      "13:58:33  [INFO]  (0.9505734365100634, 365.02019961986434)\n",
      "13:58:33  [INFO]  (0.962187018562001, 369.47981512780837)\n",
      "  7%|▋         | 14523/200000 [00:07<02:40, 1156.80it/s]13:58:33  [INFO]  (0.9900495894781983, 380.17904235962817)\n",
      "13:58:33  [INFO]  (0.9950677132768823, 382.1060018983228)\n",
      "13:58:33  [INFO]  (0.9870220363820664, 379.0164619707135)\n",
      "13:58:33  [INFO]  (0.9972849035500305, 382.95740296321173)\n",
      "  7%|▋         | 14641/200000 [00:07<02:41, 1145.21it/s]13:58:33  [INFO]  (0.9764340357898412, 374.95066974329904)\n",
      "13:58:33  [INFO]  (0.9498043375758932, 364.724865629143)\n",
